Time,GMSL (mm),GMSL uncertainty (mm)
1900.00,-1.57E+02,2.57E+01
1900.08,-1.55E+02,2.57E+01
1900.17,-1.56E+02,2.57E+01
1900.25,-1.58E+02,2.57E+01
1900.33,-1.58E+02,2.57E+01
1900.42,-1.57E+02,2.57E+01
1900.50,-1.57E+02,2.57E+01
1900.58,-1.56E+02,2.57E+01
1900.67,-1.57E+02,2.56E+01
1900.75,-1.56E+02,2.56E+01
1900.83,-1.57E+02,2.56E+01
1900.92,-1.55E+02,2.56E+01
1901.00,-1.56E+02,2.56E+01
1901.08,-1.55E+02,2.56E+01
1901.17,-1.56E+02,2.55E+01
1901.25,-1.56E+02,2.55E+01
1901.33,-1.57E+02,2.55E+01
1901.42,-1.57E+02,2.55E+01
1901.50,-1.56E+02,2.55E+01
1901.58,-1.55E+02,2.55E+01
1901.67,-1.55E+02,2.55E+01
1901.75,-1.56E+02,2.55E+01
1901.83,-1.56E+02,2.54E+01
1901.92,-1.52E+02,2.55E+01
1902.00,-1.57E+02,2.55E+01
1902.08,-1.54E+02,2.55E+01
1902.17,-1.55E+02,2.54E+01
1902.25,-1.54E+02,2.54E+01
1902.33,-1.53E+02,2.54E+01
1902.42,-1.52E+02,2.54E+01
1902.50,-1.53E+02,2.54E+01
1902.58,-1.53E+02,2.54E+01
1902.67,-1.51E+02,2.54E+01
1902.75,-1.53E+02,2.53E+01
1902.83,-1.51E+02,2.53E+01
1902.92,-1.54E+02,2.53E+01
1903.00,-1.55E+02,2.53E+01
1903.08,-1.53E+02,2.52E+01
1903.17,-1.53E+02,2.52E+01
1903.25,-1.53E+02,2.52E+01
1903.33,-1.53E+02,2.52E+01
1903.42,-1.52E+02,2.52E+01
1903.50,-1.53E+02,2.52E+01
1903.58,-1.53E+02,2.52E+01
1903.67,-1.53E+02,2.52E+01
1903.75,-1.53E+02,2.51E+01
1903.83,-1.53E+02,2.51E+01
1903.92,-1.52E+02,2.51E+01
1904.00,-1.53E+02,2.51E+01
1904.08,-1.51E+02,2.51E+01
1904.17,-1.54E+02,2.51E+01
1904.25,-1.53E+02,2.51E+01
1904.33,-1.50E+02,2.51E+01
1904.42,-1.49E+02,2.50E+01
1904.50,-1.50E+02,2.50E+01
1904.58,-1.49E+02,2.50E+01
1904.67,-1.50E+02,2.50E+01
1904.75,-1.52E+02,2.50E+01
1904.83,-1.51E+02,2.50E+01
1904.92,-1.50E+02,2.50E+01
1905.00,-1.51E+02,2.50E+01
1905.08,-1.47E+02,2.49E+01
1905.17,-1.47E+02,2.49E+01
1905.25,-1.48E+02,2.49E+01
1905.33,-1.51E+02,2.49E+01
1905.42,-1.50E+02,2.49E+01
1905.50,-1.49E+02,2.49E+01
1905.58,-1.49E+02,2.49E+01
1905.67,-1.49E+02,2.49E+01
1905.75,-1.49E+02,2.48E+01
1905.83,-1.48E+02,2.48E+01
1905.92,-1.49E+02,2.48E+01
1906.00,-1.49E+02,2.48E+01
1906.08,-1.47E+02,2.48E+01
1906.17,-1.49E+02,2.48E+01
1906.25,-1.50E+02,2.48E+01
1906.33,-1.49E+02,2.47E+01
1906.42,-1.49E+02,2.47E+01
1906.50,-1.48E+02,2.47E+01
1906.58,-1.49E+02,2.47E+01
1906.67,-1.49E+02,2.47E+01
1906.75,-1.50E+02,2.47E+01
1906.83,-1.48E+02,2.47E+01
1906.92,-1.49E+02,2.47E+01
1907.00,-1.49E+02,2.47E+01
1907.08,-1.48E+02,2.47E+01
1907.17,-1.49E+02,2.47E+01
1907.25,-1.47E+02,2.47E+01
1907.33,-1.44E+02,2.46E+01
1907.42,-1.47E+02,2.46E+01
1907.50,-1.45E+02,2.46E+01
1907.58,-1.45E+02,2.46E+01
1907.67,-1.45E+02,2.46E+01
1907.75,-1.45E+02,2.46E+01
1907.83,-1.47E+02,2.46E+01
1907.92,-1.45E+02,2.46E+01
1908.00,-1.46E+02,2.45E+01
1908.08,-1.46E+02,2.45E+01
1908.17,-1.43E+02,2.45E+01
1908.25,-1.45E+02,2.45E+01
1908.33,-1.44E+02,2.44E+01
1908.42,-1.45E+02,2.44E+01
1908.50,-1.43E+02,2.44E+01
1908.58,-1.45E+02,2.44E+01
1908.67,-1.45E+02,2.44E+01
1908.75,-1.46E+02,2.44E+01
1908.83,-1.46E+02,2.44E+01
1908.92,-1.45E+02,2.44E+01
1909.00,-1.47E+02,2.44E+01
1909.08,-1.46E+02,2.43E+01
1909.17,-1.43E+02,2.43E+01
1909.25,-1.46E+02,2.43E+01
1909.33,-1.43E+02,2.43E+01
1909.42,-1.43E+02,2.43E+01
1909.50,-1.46E+02,2.43E+01
1909.58,-1.46E+02,2.43E+01
1909.67,-1.44E+02,2.43E+01
1909.75,-1.46E+02,2.42E+01
1909.83,-1.46E+02,2.42E+01
1909.92,-1.45E+02,2.43E+01
1910.00,-1.46E+02,2.42E+01
1910.08,-1.46E+02,2.42E+01
1910.17,-1.44E+02,2.42E+01
1910.25,-1.45E+02,2.42E+01
1910.33,-1.44E+02,2.42E+01
1910.42,-1.44E+02,2.42E+01
1910.50,-1.43E+02,2.42E+01
1910.58,-1.45E+02,2.42E+01
1910.67,-1.45E+02,2.41E+01
1910.75,-1.44E+02,2.41E+01
1910.83,-1.42E+02,2.41E+01
1910.92,-1.42E+02,2.41E+01
1911.00,-1.45E+02,2.41E+01
1911.08,-1.45E+02,2.41E+01
1911.17,-1.42E+02,2.41E+01
1911.25,-1.42E+02,2.41E+01
1911.33,-1.43E+02,2.40E+01
1911.42,-1.41E+02,2.40E+01
1911.50,-1.39E+02,2.40E+01
1911.58,-1.40E+02,2.40E+01
1911.67,-1.41E+02,2.40E+01
1911.75,-1.39E+02,2.40E+01
1911.83,-1.40E+02,2.40E+01
1911.92,-1.40E+02,2.40E+01
1912.00,-1.39E+02,2.39E+01
1912.08,-1.41E+02,2.39E+01
1912.17,-1.40E+02,2.39E+01
1912.25,-1.40E+02,2.39E+01
1912.33,-1.41E+02,2.39E+01
1912.42,-1.39E+02,2.39E+01
1912.50,-1.41E+02,2.38E+01
1912.58,-1.40E+02,2.38E+01
1912.67,-1.41E+02,2.38E+01
1912.75,-1.40E+02,2.38E+01
1912.83,-1.41E+02,2.38E+01
1912.92,-1.41E+02,2.38E+01
1913.00,-1.40E+02,2.38E+01
1913.08,-1.41E+02,2.38E+01
1913.17,-1.42E+02,2.38E+01
1913.25,-1.40E+02,2.37E+01
1913.33,-1.39E+02,2.37E+01
1913.42,-1.40E+02,2.37E+01
1913.50,-1.38E+02,2.37E+01
1913.58,-1.38E+02,2.37E+01
1913.67,-1.38E+02,2.37E+01
1913.75,-1.39E+02,2.37E+01
1913.83,-1.39E+02,2.37E+01
1913.92,-1.38E+02,2.37E+01
1914.00,-1.40E+02,2.37E+01
1914.08,-1.37E+02,2.36E+01
1914.17,-1.36E+02,2.36E+01
1914.25,-1.39E+02,2.36E+01
1914.33,-1.38E+02,2.36E+01
1914.42,-1.38E+02,2.36E+01
1914.50,-1.37E+02,2.35E+01
1914.58,-1.36E+02,2.35E+01
1914.67,-1.39E+02,2.35E+01
1914.75,-1.39E+02,2.35E+01
1914.83,-1.39E+02,2.35E+01
1914.92,-1.39E+02,2.35E+01
1915.00,-1.34E+02,2.35E+01
1915.08,-1.36E+02,2.35E+01
1915.17,-1.36E+02,2.34E+01
1915.25,-1.37E+02,2.34E+01
1915.33,-1.39E+02,2.34E+01
1915.42,-1.36E+02,2.34E+01
1915.50,-1.36E+02,2.34E+01
1915.58,-1.36E+02,2.34E+01
1915.67,-1.36E+02,2.34E+01
1915.75,-1.36E+02,2.34E+01
1915.83,-1.37E+02,2.34E+01
1915.92,-1.37E+02,2.33E+01
1916.00,-1.41E+02,2.33E+01
1916.08,-1.36E+02,2.33E+01
1916.17,-1.35E+02,2.33E+01
1916.25,-1.36E+02,2.33E+01
1916.33,-1.36E+02,2.33E+01
1916.42,-1.36E+02,2.33E+01
1916.50,-1.38E+02,2.33E+01
1916.58,-1.37E+02,2.32E+01
1916.67,-1.38E+02,2.32E+01
1916.75,-1.38E+02,2.32E+01
1916.83,-1.38E+02,2.32E+01
1916.92,-1.37E+02,2.32E+01
1917.00,-1.37E+02,2.32E+01
1917.08,-1.37E+02,2.32E+01
1917.17,-1.37E+02,2.32E+01
1917.25,-1.37E+02,2.31E+01
1917.33,-1.36E+02,2.32E+01
1917.42,-1.36E+02,2.32E+01
1917.50,-1.35E+02,2.31E+01
1917.58,-1.37E+02,2.31E+01
1917.67,-1.37E+02,2.31E+01
1917.75,-1.35E+02,2.31E+01
1917.83,-1.37E+02,2.31E+01
1917.92,-1.34E+02,2.30E+01
1918.00,-1.36E+02,2.30E+01
1918.08,-1.37E+02,2.30E+01
1918.17,-1.35E+02,2.30E+01
1918.25,-1.34E+02,2.30E+01
1918.33,-1.34E+02,2.30E+01
1918.42,-1.32E+02,2.30E+01
1918.50,-1.31E+02,2.30E+01
1918.58,-1.34E+02,2.29E+01
1918.67,-1.32E+02,2.29E+01
1918.75,-1.31E+02,2.29E+01
1918.83,-1.34E+02,2.29E+01
1918.92,-1.32E+02,2.29E+01
1919.00,-1.30E+02,2.29E+01
1919.08,-1.31E+02,2.29E+01
1919.17,-1.30E+02,2.29E+01
1919.25,-1.34E+02,2.29E+01
1919.33,-1.33E+02,2.28E+01
1919.42,-1.33E+02,2.28E+01
1919.50,-1.35E+02,2.28E+01
1919.58,-1.33E+02,2.28E+01
1919.67,-1.34E+02,2.28E+01
1919.75,-1.32E+02,2.28E+01
1919.83,-1.32E+02,2.28E+01
1919.92,-1.33E+02,2.28E+01
1920.00,-1.33E+02,2.27E+01
1920.08,-1.34E+02,2.27E+01
1920.17,-1.34E+02,2.27E+01
1920.25,-1.33E+02,2.27E+01
1920.33,-1.32E+02,2.27E+01
1920.42,-1.32E+02,2.27E+01
1920.50,-1.33E+02,2.27E+01
1920.58,-1.32E+02,2.27E+01
1920.67,-1.33E+02,2.26E+01
1920.75,-1.31E+02,2.26E+01
1920.83,-1.34E+02,2.26E+01
1920.92,-1.32E+02,2.26E+01
1921.00,-1.34E+02,2.26E+01
1921.08,-1.34E+02,2.26E+01
1921.17,-1.34E+02,2.26E+01
1921.25,-1.31E+02,2.26E+01
1921.33,-1.33E+02,2.25E+01
1921.42,-1.33E+02,2.25E+01
1921.50,-1.32E+02,2.25E+01
1921.58,-1.32E+02,2.25E+01
1921.67,-1.32E+02,2.25E+01
1921.75,-1.33E+02,2.25E+01
1921.83,-1.31E+02,2.25E+01
1921.92,-1.33E+02,2.25E+01
1922.00,-1.29E+02,2.25E+01
1922.08,-1.32E+02,2.24E+01
1922.17,-1.31E+02,2.24E+01
1922.25,-1.29E+02,2.24E+01
1922.33,-1.31E+02,2.24E+01
1922.42,-1.31E+02,2.24E+01
1922.50,-1.31E+02,2.24E+01
1922.58,-1.31E+02,2.24E+01
1922.67,-1.31E+02,2.24E+01
1922.75,-1.30E+02,2.23E+01
1922.83,-1.30E+02,2.23E+01
1922.92,-1.31E+02,2.23E+01
1923.00,-1.33E+02,2.23E+01
1923.08,-1.29E+02,2.23E+01
1923.17,-1.31E+02,2.23E+01
1923.25,-1.30E+02,2.23E+01
1923.33,-1.29E+02,2.23E+01
1923.42,-1.30E+02,2.23E+01
1923.50,-1.31E+02,2.22E+01
1923.58,-1.31E+02,2.22E+01
1923.67,-1.29E+02,2.22E+01
1923.75,-1.28E+02,2.22E+01
1923.83,-1.26E+02,2.22E+01
1923.92,-1.29E+02,2.22E+01
1924.00,-1.27E+02,2.22E+01
1924.08,-1.28E+02,2.21E+01
1924.17,-1.28E+02,2.21E+01
1924.25,-1.28E+02,2.21E+01
1924.33,-1.29E+02,2.21E+01
1924.42,-1.30E+02,2.21E+01
1924.50,-1.30E+02,2.21E+01
1924.58,-1.31E+02,2.21E+01
1924.67,-1.30E+02,2.21E+01
1924.75,-1.30E+02,2.20E+01
1924.83,-1.30E+02,2.20E+01
1924.92,-1.32E+02,2.20E+01
1925.00,-1.30E+02,2.20E+01
1925.08,-1.28E+02,2.20E+01
1925.17,-1.27E+02,2.20E+01
1925.25,-1.30E+02,2.20E+01
1925.33,-1.27E+02,2.20E+01
1925.42,-1.29E+02,2.19E+01
1925.50,-1.29E+02,2.19E+01
1925.58,-1.29E+02,2.20E+01
1925.67,-1.29E+02,2.19E+01
1925.75,-1.26E+02,2.19E+01
1925.83,-1.26E+02,2.19E+01
1925.92,-1.26E+02,2.19E+01
1926.00,-1.28E+02,2.19E+01
1926.08,-1.28E+02,2.19E+01
1926.17,-1.26E+02,2.19E+01
1926.25,-1.26E+02,2.19E+01
1926.33,-1.28E+02,2.19E+01
1926.42,-1.28E+02,2.18E+01
1926.50,-1.28E+02,2.18E+01
1926.58,-1.29E+02,2.18E+01
1926.67,-1.30E+02,2.18E+01
1926.75,-1.27E+02,2.18E+01
1926.83,-1.28E+02,2.18E+01
1926.92,-1.27E+02,2.18E+01
1927.00,-1.28E+02,2.17E+01
1927.08,-1.25E+02,2.17E+01
1927.17,-1.28E+02,2.17E+01
1927.25,-1.28E+02,2.17E+01
1927.33,-1.28E+02,2.17E+01
1927.42,-1.27E+02,2.17E+01
1927.50,-1.27E+02,2.16E+01
1927.58,-1.26E+02,2.16E+01
1927.67,-1.27E+02,2.16E+01
1927.75,-1.27E+02,2.16E+01
1927.83,-1.28E+02,2.16E+01
1927.92,-1.26E+02,2.16E+01
1928.00,-1.26E+02,2.16E+01
1928.08,-1.28E+02,2.16E+01
1928.17,-1.26E+02,2.15E+01
1928.25,-1.25E+02,2.15E+01
1928.33,-1.23E+02,2.15E+01
1928.42,-1.25E+02,2.15E+01
1928.50,-1.26E+02,2.15E+01
1928.58,-1.25E+02,2.15E+01
1928.67,-1.25E+02,2.15E+01
1928.75,-1.25E+02,2.15E+01
1928.83,-1.25E+02,2.14E+01
1928.92,-1.25E+02,2.14E+01
1929.00,-1.21E+02,2.14E+01
1929.08,-1.21E+02,2.14E+01
1929.17,-1.24E+02,2.14E+01
1929.25,-1.23E+02,2.14E+01
1929.33,-1.23E+02,2.14E+01
1929.42,-1.24E+02,2.14E+01
1929.50,-1.23E+02,2.13E+01
1929.58,-1.22E+02,2.13E+01
1929.67,-1.24E+02,2.13E+01
1929.75,-1.23E+02,2.13E+01
1929.83,-1.23E+02,2.13E+01
1929.92,-1.24E+02,2.13E+01
1930.00,-1.25E+02,2.13E+01
1930.08,-1.21E+02,2.12E+01
1930.17,-1.22E+02,2.12E+01
1930.25,-1.22E+02,2.12E+01
1930.33,-1.21E+02,2.12E+01
1930.42,-1.24E+02,2.12E+01
1930.50,-1.21E+02,2.12E+01
1930.58,-1.21E+02,2.12E+01
1930.67,-1.19E+02,2.12E+01
1930.75,-1.22E+02,2.11E+01
1930.83,-1.21E+02,2.11E+01
1930.92,-1.20E+02,2.11E+01
1931.00,-1.20E+02,2.11E+01
1931.08,-1.20E+02,2.11E+01
1931.17,-1.21E+02,2.11E+01
1931.25,-1.21E+02,2.11E+01
1931.33,-1.23E+02,2.11E+01
1931.42,-1.21E+02,2.10E+01
1931.50,-1.22E+02,2.10E+01
1931.58,-1.22E+02,2.10E+01
1931.67,-1.22E+02,2.10E+01
1931.75,-1.23E+02,2.10E+01
1931.83,-1.22E+02,2.10E+01
1931.92,-1.24E+02,2.10E+01
1932.00,-1.23E+02,2.10E+01
1932.08,-1.20E+02,2.09E+01
1932.17,-1.20E+02,2.09E+01
1932.25,-1.20E+02,2.09E+01
1932.33,-1.20E+02,2.09E+01
1932.42,-1.20E+02,2.09E+01
1932.50,-1.20E+02,2.09E+01
1932.58,-1.21E+02,2.09E+01
1932.67,-1.21E+02,2.09E+01
1932.75,-1.19E+02,2.08E+01
1932.83,-1.21E+02,2.08E+01
1932.92,-1.20E+02,2.08E+01
1933.00,-1.20E+02,2.08E+01
1933.08,-1.17E+02,2.08E+01
1933.17,-1.18E+02,2.08E+01
1933.25,-1.18E+02,2.08E+01
1933.33,-1.19E+02,2.08E+01
1933.42,-1.20E+02,2.08E+01
1933.50,-1.20E+02,2.07E+01
1933.58,-1.20E+02,2.07E+01
1933.67,-1.18E+02,2.07E+01
1933.75,-1.19E+02,2.07E+01
1933.83,-1.19E+02,2.07E+01
1933.92,-1.20E+02,2.07E+01
1934.00,-1.19E+02,2.07E+01
1934.08,-1.19E+02,2.06E+01
1934.17,-1.16E+02,2.06E+01
1934.25,-1.18E+02,2.06E+01
1934.33,-1.19E+02,2.06E+01
1934.42,-1.16E+02,2.06E+01
1934.50,-1.17E+02,2.06E+01
1934.58,-1.17E+02,2.06E+01
1934.67,-1.15E+02,2.06E+01
1934.75,-1.16E+02,2.05E+01
1934.83,-1.15E+02,2.05E+01
1934.92,-1.15E+02,2.05E+01
1935.00,-1.16E+02,2.05E+01
1935.08,-1.16E+02,2.05E+01
1935.17,-1.15E+02,2.05E+01
1935.25,-1.12E+02,2.05E+01
1935.33,-1.14E+02,2.05E+01
1935.42,-1.14E+02,2.04E+01
1935.50,-1.14E+02,2.04E+01
1935.58,-1.14E+02,2.04E+01
1935.67,-1.13E+02,2.04E+01
1935.75,-1.13E+02,2.04E+01
1935.83,-1.12E+02,2.04E+01
1935.92,-1.10E+02,2.04E+01
1936.00,-1.10E+02,2.04E+01
1936.08,-1.09E+02,2.03E+01
1936.17,-1.13E+02,2.03E+01
1936.25,-1.13E+02,2.03E+01
1936.33,-1.13E+02,2.03E+01
1936.42,-1.13E+02,2.03E+01
1936.50,-1.12E+02,2.03E+01
1936.58,-1.11E+02,2.03E+01
1936.67,-1.12E+02,2.03E+01
1936.75,-1.11E+02,2.02E+01
1936.83,-1.11E+02,2.02E+01
1936.92,-1.13E+02,2.02E+01
1937.00,-1.12E+02,2.02E+01
1937.08,-1.11E+02,2.02E+01
1937.17,-1.07E+02,2.02E+01
1937.25,-1.11E+02,2.02E+01
1937.33,-1.10E+02,2.02E+01
1937.42,-1.12E+02,2.01E+01
1937.50,-1.10E+02,2.01E+01
1937.58,-1.11E+02,2.01E+01
1937.67,-1.11E+02,2.01E+01
1937.75,-1.10E+02,2.01E+01
1937.83,-1.10E+02,2.01E+01
1937.92,-1.07E+02,2.01E+01
1938.00,-1.11E+02,2.00E+01
1938.08,-1.08E+02,2.00E+01
1938.17,-1.10E+02,2.00E+01
1938.25,-1.07E+02,2.00E+01
1938.33,-1.07E+02,2.00E+01
1938.42,-1.07E+02,2.00E+01
1938.50,-1.10E+02,2.00E+01
1938.58,-1.09E+02,2.00E+01
1938.67,-1.08E+02,1.99E+01
1938.75,-1.08E+02,1.99E+01
1938.83,-1.08E+02,1.99E+01
1938.92,-1.06E+02,1.99E+01
1939.00,-1.05E+02,1.99E+01
1939.08,-1.09E+02,1.99E+01
1939.17,-1.06E+02,1.99E+01
1939.25,-1.06E+02,1.99E+01
1939.33,-1.05E+02,1.98E+01
1939.42,-1.05E+02,1.98E+01
1939.50,-1.04E+02,1.98E+01
1939.58,-1.06E+02,1.98E+01
1939.67,-1.06E+02,1.98E+01
1939.75,-1.04E+02,1.98E+01
1939.83,-1.03E+02,1.98E+01
1939.92,-1.03E+02,1.98E+01
1940.00,-1.02E+02,1.97E+01
1940.08,-1.06E+02,1.97E+01
1940.17,-1.04E+02,1.97E+01
1940.25,-1.05E+02,1.97E+01
1940.33,-1.04E+02,1.97E+01
1940.42,-1.03E+02,1.97E+01
1940.50,-1.04E+02,1.97E+01
1940.58,-1.04E+02,1.96E+01
1940.67,-1.02E+02,1.96E+01
1940.75,-1.02E+02,1.96E+01
1940.83,-1.04E+02,1.96E+01
1940.92,-9.91E+01,1.96E+01
1941.00,-1.00E+02,1.96E+01
1941.08,-1.01E+02,1.96E+01
1941.17,-1.00E+02,1.96E+01
1941.25,-1.00E+02,1.95E+01
1941.33,-1.02E+02,1.95E+01
1941.42,-1.02E+02,1.95E+01
1941.50,-1.01E+02,1.95E+01
1941.58,-1.01E+02,1.95E+01
1941.67,-1.01E+02,1.95E+01
1941.75,-1.00E+02,1.95E+01
1941.83,-1.02E+02,1.95E+01
1941.92,-9.99E+01,1.94E+01
1942.00,-9.74E+01,1.95E+01
1942.08,-9.72E+01,1.95E+01
1942.17,-9.87E+01,1.94E+01
1942.25,-9.93E+01,1.94E+01
1942.33,-9.92E+01,1.94E+01
1942.42,-9.80E+01,1.94E+01
1942.50,-1.00E+02,1.94E+01
1942.58,-9.99E+01,1.94E+01
1942.67,-1.01E+02,1.94E+01
1942.75,-9.85E+01,1.94E+01
1942.83,-9.94E+01,1.93E+01
1942.92,-1.02E+02,1.93E+01
1943.00,-9.91E+01,1.93E+01
1943.08,-1.04E+02,1.93E+01
1943.17,-1.01E+02,1.93E+01
1943.25,-1.01E+02,1.92E+01
1943.33,-9.89E+01,1.92E+01
1943.42,-9.67E+01,1.92E+01
1943.50,-9.64E+01,1.92E+01
1943.58,-9.73E+01,1.92E+01
1943.67,-9.64E+01,1.92E+01
1943.75,-9.75E+01,1.92E+01
1943.83,-9.61E+01,1.91E+01
1943.92,-9.60E+01,1.91E+01
1944.00,-9.73E+01,1.91E+01
1944.08,-9.72E+01,1.91E+01
1944.17,-9.62E+01,1.91E+01
1944.25,-9.60E+01,1.91E+01
1944.33,-9.56E+01,1.91E+01
1944.42,-9.62E+01,1.90E+01
1944.50,-9.39E+01,1.90E+01
1944.58,-9.66E+01,1.90E+01
1944.67,-9.56E+01,1.90E+01
1944.75,-9.63E+01,1.90E+01
1944.83,-9.48E+01,1.90E+01
1944.92,-9.58E+01,1.90E+01
1945.00,-9.20E+01,1.90E+01
1945.08,-9.67E+01,1.89E+01
1945.17,-9.74E+01,1.89E+01
1945.25,-9.40E+01,1.89E+01
1945.33,-9.57E+01,1.89E+01
1945.42,-9.52E+01,1.89E+01
1945.50,-9.35E+01,1.89E+01
1945.58,-9.33E+01,1.89E+01
1945.67,-9.21E+01,1.89E+01
1945.75,-9.45E+01,1.88E+01
1945.83,-9.31E+01,1.88E+01
1945.92,-9.18E+01,1.88E+01
1946.00,-9.35E+01,1.88E+01
1946.08,-9.23E+01,1.88E+01
1946.17,-9.22E+01,1.88E+01
1946.25,-9.16E+01,1.88E+01
1946.33,-8.94E+01,1.87E+01
1946.42,-9.02E+01,1.87E+01
1946.50,-8.95E+01,1.87E+01
1946.58,-8.96E+01,1.87E+01
1946.67,-9.00E+01,1.87E+01
1946.75,-9.03E+01,1.87E+01
1946.83,-8.92E+01,1.87E+01
1946.92,-8.76E+01,1.86E+01
1947.00,-8.97E+01,1.86E+01
1947.08,-8.68E+01,1.86E+01
1947.17,-9.03E+01,1.86E+01
1947.25,-9.00E+01,1.86E+01
1947.33,-8.98E+01,1.86E+01
1947.42,-8.86E+01,1.86E+01
1947.50,-9.01E+01,1.85E+01
1947.58,-8.96E+01,1.85E+01
1947.67,-9.15E+01,1.85E+01
1947.75,-8.87E+01,1.85E+01
1947.83,-8.49E+01,1.85E+01
1947.92,-8.73E+01,1.85E+01
1948.00,-9.00E+01,1.85E+01
1948.08,-9.03E+01,1.84E+01
1948.17,-9.11E+01,1.84E+01
1948.25,-9.02E+01,1.84E+01
1948.33,-8.73E+01,1.84E+01
1948.42,-8.67E+01,1.84E+01
1948.50,-8.60E+01,1.84E+01
1948.58,-8.50E+01,1.84E+01
1948.67,-8.66E+01,1.84E+01
1948.75,-8.80E+01,1.84E+01
1948.83,-8.65E+01,1.83E+01
1948.92,-8.73E+01,1.83E+01
1949.00,-8.70E+01,1.83E+01
1949.08,-8.69E+01,1.83E+01
1949.17,-8.66E+01,1.83E+01
1949.25,-8.78E+01,1.83E+01
1949.33,-8.54E+01,1.83E+01
1949.42,-8.44E+01,1.83E+01
1949.50,-8.62E+01,1.82E+01
1949.58,-8.69E+01,1.82E+01
1949.67,-8.63E+01,1.82E+01
1949.75,-8.54E+01,1.82E+01
1949.83,-8.41E+01,1.82E+01
1949.92,-8.55E+01,1.82E+01
1950.00,-8.63E+01,1.82E+01
1950.08,-8.71E+01,1.81E+01
1950.17,-8.58E+01,1.81E+01
1950.25,-8.52E+01,1.81E+01
1950.33,-8.46E+01,1.81E+01
1950.42,-8.48E+01,1.81E+01
1950.50,-8.45E+01,1.81E+01
1950.58,-8.52E+01,1.80E+01
1950.67,-8.43E+01,1.80E+01
1950.75,-8.52E+01,1.80E+01
1950.83,-8.43E+01,1.80E+01
1950.92,-8.30E+01,1.80E+01
1951.00,-8.61E+01,1.80E+01
1951.08,-8.54E+01,1.80E+01
1951.17,-8.50E+01,1.80E+01
1951.25,-8.39E+01,1.79E+01
1951.33,-8.39E+01,1.79E+01
1951.42,-8.38E+01,1.79E+01
1951.50,-8.34E+01,1.79E+01
1951.58,-8.34E+01,1.79E+01
1951.67,-8.25E+01,1.79E+01
1951.75,-8.24E+01,1.79E+01
1951.83,-8.22E+01,1.78E+01
1951.92,-8.38E+01,1.78E+01
1952.00,-8.11E+01,1.78E+01
1952.08,-8.19E+01,1.78E+01
1952.17,-8.01E+01,1.78E+01
1952.25,-8.20E+01,1.78E+01
1952.33,-8.40E+01,1.78E+01
1952.42,-8.28E+01,1.78E+01
1952.50,-8.20E+01,1.78E+01
1952.58,-8.22E+01,1.77E+01
1952.67,-8.02E+01,1.77E+01
1952.75,-8.12E+01,1.77E+01
1952.83,-7.85E+01,1.77E+01
1952.92,-7.92E+01,1.77E+01
1953.00,-8.03E+01,1.77E+01
1953.08,-8.07E+01,1.77E+01
1953.17,-8.29E+01,1.76E+01
1953.25,-8.10E+01,1.76E+01
1953.33,-8.10E+01,1.76E+01
1953.42,-8.16E+01,1.76E+01
1953.50,-8.12E+01,1.76E+01
1953.58,-8.14E+01,1.76E+01
1953.67,-8.12E+01,1.76E+01
1953.75,-8.04E+01,1.75E+01
1953.83,-8.01E+01,1.75E+01
1953.92,-8.21E+01,1.75E+01
1954.00,-7.98E+01,1.75E+01
1954.08,-7.93E+01,1.75E+01
1954.17,-8.04E+01,1.75E+01
1954.25,-8.14E+01,1.75E+01
1954.33,-7.82E+01,1.75E+01
1954.42,-7.94E+01,1.74E+01
1954.50,-8.20E+01,1.74E+01
1954.58,-8.07E+01,1.74E+01
1954.67,-8.09E+01,1.74E+01
1954.75,-8.00E+01,1.74E+01
1954.83,-8.02E+01,1.74E+01
1954.92,-8.14E+01,1.74E+01
1955.00,-8.03E+01,1.73E+01
1955.08,-7.89E+01,1.73E+01
1955.17,-7.89E+01,1.73E+01
1955.25,-8.19E+01,1.73E+01
1955.33,-7.99E+01,1.73E+01
1955.42,-7.80E+01,1.73E+01
1955.50,-7.99E+01,1.73E+01
1955.58,-8.13E+01,1.73E+01
1955.67,-8.18E+01,1.72E+01
1955.75,-8.15E+01,1.72E+01
1955.83,-8.06E+01,1.72E+01
1955.92,-8.07E+01,1.72E+01
1956.00,-7.94E+01,1.72E+01
1956.08,-7.82E+01,1.72E+01
1956.17,-8.12E+01,1.72E+01
1956.25,-7.80E+01,1.71E+01
1956.33,-7.96E+01,1.71E+01
1956.42,-8.03E+01,1.71E+01
1956.50,-7.77E+01,1.71E+01
1956.58,-7.73E+01,1.71E+01
1956.67,-7.89E+01,1.71E+01
1956.75,-7.92E+01,1.71E+01
1956.83,-7.74E+01,1.71E+01
1956.92,-7.75E+01,1.70E+01
1957.00,-8.04E+01,1.70E+01
1957.08,-7.44E+01,1.70E+01
1957.17,-7.61E+01,1.70E+01
1957.25,-7.70E+01,1.70E+01
1957.33,-7.70E+01,1.70E+01
1957.42,-7.49E+01,1.70E+01
1957.50,-7.75E+01,1.69E+01
1957.58,-7.58E+01,1.69E+01
1957.67,-7.30E+01,1.69E+01
1957.75,-7.70E+01,1.69E+01
1957.83,-7.36E+01,1.69E+01
1957.92,-7.57E+01,1.69E+01
1958.00,-7.52E+01,1.69E+01
1958.08,-7.62E+01,1.68E+01
1958.17,-7.52E+01,1.68E+01
1958.25,-7.90E+01,1.68E+01
1958.33,-7.51E+01,1.68E+01
1958.42,-7.66E+01,1.68E+01
1958.50,-7.59E+01,1.68E+01
1958.58,-7.78E+01,1.68E+01
1958.67,-7.70E+01,1.68E+01
1958.75,-7.64E+01,1.67E+01
1958.83,-7.58E+01,1.67E+01
1958.92,-7.41E+01,1.67E+01
1959.00,-7.34E+01,1.67E+01
1959.08,-7.96E+01,1.67E+01
1959.17,-8.02E+01,1.67E+01
1959.25,-7.52E+01,1.67E+01
1959.33,-7.63E+01,1.66E+01
1959.42,-7.66E+01,1.66E+01
1959.50,-7.48E+01,1.66E+01
1959.58,-7.51E+01,1.66E+01
1959.67,-7.43E+01,1.66E+01
1959.75,-7.34E+01,1.66E+01
1959.83,-7.51E+01,1.66E+01
1959.92,-7.58E+01,1.65E+01
1960.00,-7.43E+01,1.65E+01
1960.08,-7.66E+01,1.65E+01
1960.17,-7.59E+01,1.65E+01
1960.25,-7.70E+01,1.65E+01
1960.33,-7.60E+01,1.65E+01
1960.42,-7.53E+01,1.65E+01
1960.50,-7.67E+01,1.65E+01
1960.58,-7.48E+01,1.64E+01
1960.67,-7.59E+01,1.64E+01
1960.75,-7.58E+01,1.64E+01
1960.83,-7.71E+01,1.64E+01
1960.92,-7.58E+01,1.64E+01
1961.00,-7.50E+01,1.64E+01
1961.08,-7.74E+01,1.64E+01
1961.17,-7.53E+01,1.64E+01
1961.25,-7.61E+01,1.63E+01
1961.33,-7.78E+01,1.63E+01
1961.42,-7.74E+01,1.63E+01
1961.50,-7.63E+01,1.63E+01
1961.58,-7.60E+01,1.63E+01
1961.67,-7.70E+01,1.63E+01
1961.75,-7.68E+01,1.63E+01
1961.83,-7.80E+01,1.62E+01
1961.92,-7.64E+01,1.62E+01
1962.00,-7.83E+01,1.62E+01
1962.08,-7.62E+01,1.62E+01
1962.17,-7.54E+01,1.62E+01
1962.25,-7.79E+01,1.62E+01
1962.33,-7.70E+01,1.62E+01
1962.42,-7.63E+01,1.61E+01
1962.50,-7.52E+01,1.61E+01
1962.58,-7.70E+01,1.61E+01
1962.67,-7.61E+01,1.61E+01
1962.75,-7.76E+01,1.61E+01
1962.83,-7.54E+01,1.61E+01
1962.92,-7.52E+01,1.61E+01
1963.00,-7.47E+01,1.60E+01
1963.08,-7.60E+01,1.60E+01
1963.17,-7.74E+01,1.60E+01
1963.25,-7.82E+01,1.60E+01
1963.33,-7.93E+01,1.60E+01
1963.42,-7.46E+01,1.60E+01
1963.50,-7.69E+01,1.60E+01
1963.58,-7.49E+01,1.60E+01
1963.67,-7.49E+01,1.59E+01
1963.75,-7.55E+01,1.59E+01
1963.83,-7.46E+01,1.59E+01
1963.92,-7.54E+01,1.59E+01
1964.00,-7.65E+01,1.59E+01
1964.08,-7.71E+01,1.59E+01
1964.17,-7.75E+01,1.59E+01
1964.25,-7.66E+01,1.58E+01
1964.33,-7.69E+01,1.58E+01
1964.42,-7.64E+01,1.58E+01
1964.50,-7.75E+01,1.58E+01
1964.58,-7.55E+01,1.58E+01
1964.67,-7.71E+01,1.58E+01
1964.75,-7.65E+01,1.58E+01
1964.83,-7.55E+01,1.57E+01
1964.92,-7.42E+01,1.57E+01
1965.00,-7.43E+01,1.57E+01
1965.08,-7.39E+01,1.57E+01
1965.17,-7.55E+01,1.57E+01
1965.25,-7.59E+01,1.57E+01
1965.33,-7.43E+01,1.57E+01
1965.42,-7.38E+01,1.57E+01
1965.50,-7.27E+01,1.56E+01
1965.58,-7.27E+01,1.56E+01
1965.67,-7.01E+01,1.56E+01
1965.75,-7.31E+01,1.56E+01
1965.83,-6.90E+01,1.56E+01
1965.92,-6.95E+01,1.56E+01
1966.00,-7.16E+01,1.55E+01
1966.08,-7.29E+01,1.55E+01
1966.17,-7.18E+01,1.55E+01
1966.25,-6.95E+01,1.55E+01
1966.33,-7.25E+01,1.55E+01
1966.42,-7.39E+01,1.55E+01
1966.50,-7.36E+01,1.55E+01
1966.58,-7.32E+01,1.54E+01
1966.67,-7.42E+01,1.54E+01
1966.75,-7.28E+01,1.54E+01
1966.83,-7.34E+01,1.54E+01
1966.92,-7.31E+01,1.54E+01
1967.00,-7.48E+01,1.54E+01
1967.08,-7.70E+01,1.53E+01
1967.17,-7.71E+01,1.53E+01
1967.25,-7.69E+01,1.53E+01
1967.33,-7.41E+01,1.53E+01
1967.42,-7.26E+01,1.53E+01
1967.50,-7.25E+01,1.53E+01
1967.58,-7.21E+01,1.53E+01
1967.67,-7.26E+01,1.52E+01
1967.75,-7.53E+01,1.52E+01
1967.83,-7.63E+01,1.52E+01
1967.92,-7.29E+01,1.52E+01
1968.00,-7.30E+01,1.52E+01
1968.08,-7.16E+01,1.52E+01
1968.17,-7.54E+01,1.52E+01
1968.25,-7.25E+01,1.52E+01
1968.33,-7.28E+01,1.51E+01
1968.42,-7.47E+01,1.51E+01
1968.50,-7.31E+01,1.51E+01
1968.58,-7.15E+01,1.51E+01
1968.67,-6.95E+01,1.51E+01
1968.75,-7.24E+01,1.51E+01
1968.83,-7.15E+01,1.51E+01
1968.92,-7.20E+01,1.50E+01
1969.00,-6.86E+01,1.50E+01
1969.08,-6.72E+01,1.50E+01
1969.17,-7.01E+01,1.50E+01
1969.25,-7.07E+01,1.50E+01
1969.33,-6.96E+01,1.50E+01
1969.42,-7.05E+01,1.49E+01
1969.50,-7.13E+01,1.49E+01
1969.58,-7.19E+01,1.49E+01
1969.67,-6.96E+01,1.49E+01
1969.75,-7.00E+01,1.49E+01
1969.83,-7.02E+01,1.49E+01
1969.92,-6.83E+01,1.49E+01
1970.00,-6.93E+01,1.48E+01
1970.08,-6.90E+01,1.48E+01
1970.17,-6.78E+01,1.48E+01
1970.25,-7.20E+01,1.48E+01
1970.33,-7.12E+01,1.48E+01
1970.42,-7.18E+01,1.48E+01
1970.50,-7.12E+01,1.48E+01
1970.58,-7.13E+01,1.47E+01
1970.67,-7.32E+01,1.47E+01
1970.75,-7.18E+01,1.47E+01
1970.83,-7.19E+01,1.47E+01
1970.92,-7.31E+01,1.47E+01
1971.00,-7.18E+01,1.47E+01
1971.08,-7.02E+01,1.46E+01
1971.17,-7.33E+01,1.46E+01
1971.25,-7.06E+01,1.46E+01
1971.33,-7.06E+01,1.46E+01
1971.42,-7.09E+01,1.46E+01
1971.50,-6.81E+01,1.46E+01
1971.58,-6.99E+01,1.46E+01
1971.67,-7.08E+01,1.45E+01
1971.75,-7.07E+01,1.45E+01
1971.83,-7.13E+01,1.45E+01
1971.92,-7.07E+01,1.45E+01
1972.00,-7.02E+01,1.45E+01
1972.08,-7.11E+01,1.45E+01
1972.17,-6.96E+01,1.45E+01
1972.25,-7.01E+01,1.44E+01
1972.33,-6.88E+01,1.44E+01
1972.42,-6.75E+01,1.44E+01
1972.50,-6.81E+01,1.44E+01
1972.58,-6.82E+01,1.44E+01
1972.67,-6.89E+01,1.44E+01
1972.75,-6.80E+01,1.44E+01
1972.83,-6.66E+01,1.43E+01
1972.92,-6.82E+01,1.43E+01
1973.00,-6.97E+01,1.43E+01
1973.08,-6.64E+01,1.43E+01
1973.17,-6.83E+01,1.43E+01
1973.25,-6.60E+01,1.43E+01
1973.33,-6.92E+01,1.42E+01
1973.42,-7.01E+01,1.42E+01
1973.50,-6.97E+01,1.42E+01
1973.58,-6.94E+01,1.42E+01
1973.67,-7.00E+01,1.42E+01
1973.75,-6.82E+01,1.42E+01
1973.83,-6.88E+01,1.42E+01
1973.92,-6.74E+01,1.41E+01
1974.00,-6.92E+01,1.41E+01
1974.08,-6.77E+01,1.41E+01
1974.17,-7.15E+01,1.41E+01
1974.25,-6.75E+01,1.41E+01
1974.33,-6.72E+01,1.41E+01
1974.42,-6.68E+01,1.41E+01
1974.50,-6.97E+01,1.40E+01
1974.58,-6.90E+01,1.40E+01
1974.67,-6.97E+01,1.40E+01
1974.75,-6.59E+01,1.40E+01
1974.83,-6.66E+01,1.40E+01
1974.92,-6.87E+01,1.40E+01
1975.00,-6.82E+01,1.40E+01
1975.08,-6.71E+01,1.39E+01
1975.17,-6.78E+01,1.39E+01
1975.25,-6.74E+01,1.39E+01
1975.33,-6.57E+01,1.39E+01
1975.42,-6.52E+01,1.39E+01
1975.50,-6.76E+01,1.39E+01
1975.58,-6.70E+01,1.38E+01
1975.67,-6.81E+01,1.38E+01
1975.75,-6.83E+01,1.38E+01
1975.83,-6.72E+01,1.38E+01
1975.92,-6.89E+01,1.38E+01
1976.00,-6.84E+01,1.38E+01
1976.08,-6.95E+01,1.38E+01
1976.17,-6.75E+01,1.37E+01
1976.25,-6.47E+01,1.37E+01
1976.33,-6.40E+01,1.37E+01
1976.42,-6.50E+01,1.37E+01
1976.50,-6.54E+01,1.37E+01
1976.58,-6.55E+01,1.37E+01
1976.67,-6.16E+01,1.36E+01
1976.75,-6.24E+01,1.36E+01
1976.83,-6.34E+01,1.36E+01
1976.92,-6.19E+01,1.36E+01
1977.00,-6.12E+01,1.36E+01
1977.08,-6.23E+01,1.36E+01
1977.17,-6.48E+01,1.36E+01
1977.25,-6.58E+01,1.35E+01
1977.33,-6.50E+01,1.35E+01
1977.42,-6.49E+01,1.35E+01
1977.50,-6.37E+01,1.35E+01
1977.58,-6.11E+01,1.35E+01
1977.67,-6.34E+01,1.35E+01
1977.75,-6.30E+01,1.34E+01
1977.83,-6.20E+01,1.34E+01
1977.92,-6.26E+01,1.34E+01
1978.00,-6.13E+01,1.34E+01
1978.08,-5.89E+01,1.34E+01
1978.17,-6.06E+01,1.34E+01
1978.25,-6.06E+01,1.33E+01
1978.33,-6.06E+01,1.33E+01
1978.42,-6.22E+01,1.33E+01
1978.50,-6.13E+01,1.33E+01
1978.58,-6.31E+01,1.33E+01
1978.67,-6.31E+01,1.33E+01
1978.75,-6.20E+01,1.32E+01
1978.83,-6.42E+01,1.32E+01
1978.92,-6.09E+01,1.32E+01
1979.00,-6.02E+01,1.32E+01
1979.08,-6.23E+01,1.32E+01
1979.17,-5.90E+01,1.32E+01
1979.25,-5.87E+01,1.31E+01
1979.33,-5.99E+01,1.31E+01
1979.42,-6.26E+01,1.31E+01
1979.50,-6.06E+01,1.31E+01
1979.58,-6.00E+01,1.31E+01
1979.67,-6.04E+01,1.31E+01
1979.75,-5.96E+01,1.30E+01
1979.83,-5.94E+01,1.30E+01
1979.92,-6.13E+01,1.30E+01
1980.00,-5.70E+01,1.30E+01
1980.08,-5.82E+01,1.30E+01
1980.17,-5.67E+01,1.30E+01
1980.25,-5.79E+01,1.30E+01
1980.33,-5.71E+01,1.29E+01
1980.42,-5.90E+01,1.29E+01
1980.50,-5.69E+01,1.29E+01
1980.58,-5.78E+01,1.29E+01
1980.67,-5.90E+01,1.29E+01
1980.75,-5.86E+01,1.29E+01
1980.83,-5.69E+01,1.28E+01
1980.92,-5.50E+01,1.28E+01
1981.00,-5.71E+01,1.28E+01
1981.08,-5.75E+01,1.28E+01
1981.17,-5.69E+01,1.28E+01
1981.25,-5.77E+01,1.28E+01
1981.33,-5.81E+01,1.27E+01
1981.42,-5.71E+01,1.27E+01
1981.50,-6.02E+01,1.27E+01
1981.58,-5.79E+01,1.27E+01
1981.67,-5.89E+01,1.27E+01
1981.75,-5.62E+01,1.27E+01
1981.83,-5.92E+01,1.26E+01
1981.92,-5.81E+01,1.26E+01
1982.00,-5.95E+01,1.26E+01
1982.08,-6.00E+01,1.26E+01
1982.17,-5.62E+01,1.26E+01
1982.25,-5.91E+01,1.26E+01
1982.33,-5.61E+01,1.25E+01
1982.42,-5.26E+01,1.25E+01
1982.50,-5.46E+01,1.25E+01
1982.58,-5.51E+01,1.25E+01
1982.67,-5.32E+01,1.25E+01
1982.75,-5.20E+01,1.25E+01
1982.83,-5.30E+01,1.24E+01
1982.92,-5.26E+01,1.24E+01
1983.00,-5.48E+01,1.24E+01
1983.08,-5.21E+01,1.24E+01
1983.17,-5.41E+01,1.24E+01
1983.25,-5.70E+01,1.24E+01
1983.33,-5.72E+01,1.23E+01
1983.42,-5.72E+01,1.23E+01
1983.50,-5.73E+01,1.23E+01
1983.58,-5.70E+01,1.23E+01
1983.67,-5.64E+01,1.23E+01
1983.75,-5.63E+01,1.22E+01
1983.83,-5.42E+01,1.22E+01
1983.92,-5.36E+01,1.22E+01
1984.00,-5.00E+01,1.22E+01
1984.08,-5.37E+01,1.22E+01
1984.17,-5.07E+01,1.22E+01
1984.25,-5.38E+01,1.21E+01
1984.33,-5.40E+01,1.21E+01
1984.42,-5.06E+01,1.21E+01
1984.50,-5.15E+01,1.21E+01
1984.58,-5.07E+01,1.21E+01
1984.67,-5.21E+01,1.21E+01
1984.75,-5.08E+01,1.20E+01
1984.83,-5.29E+01,1.20E+01
1984.92,-5.23E+01,1.20E+01
1985.00,-5.06E+01,1.20E+01
1985.08,-5.28E+01,1.20E+01
1985.17,-5.16E+01,1.19E+01
1985.25,-5.18E+01,1.19E+01
1985.33,-5.10E+01,1.19E+01
1985.42,-4.94E+01,1.19E+01
1985.50,-4.97E+01,1.19E+01
1985.58,-5.00E+01,1.19E+01
1985.67,-5.19E+01,1.18E+01
1985.75,-5.11E+01,1.18E+01
1985.83,-4.88E+01,1.18E+01
1985.92,-4.78E+01,1.18E+01
1986.00,-4.92E+01,1.18E+01
1986.08,-4.87E+01,1.18E+01
1986.17,-5.22E+01,1.17E+01
1986.25,-4.86E+01,1.17E+01
1986.33,-4.85E+01,1.17E+01
1986.42,-5.28E+01,1.17E+01
1986.50,-5.05E+01,1.17E+01
1986.58,-4.72E+01,1.16E+01
1986.67,-4.92E+01,1.16E+01
1986.75,-4.90E+01,1.16E+01
1986.83,-4.75E+01,1.16E+01
1986.92,-4.57E+01,1.16E+01
1987.00,-4.61E+01,1.16E+01
1987.08,-4.74E+01,1.15E+01
1987.17,-4.65E+01,1.15E+01
1987.25,-4.93E+01,1.15E+01
1987.33,-4.95E+01,1.15E+01
1987.42,-4.52E+01,1.15E+01
1987.50,-4.87E+01,1.14E+01
1987.58,-4.92E+01,1.14E+01
1987.67,-4.81E+01,1.14E+01
1987.75,-4.88E+01,1.14E+01
1987.83,-4.43E+01,1.14E+01
1987.92,-4.52E+01,1.14E+01
1988.00,-4.69E+01,1.13E+01
1988.08,-4.46E+01,1.13E+01
1988.17,-4.66E+01,1.13E+01
1988.25,-4.60E+01,1.13E+01
1988.33,-4.49E+01,1.13E+01
1988.42,-4.72E+01,1.12E+01
1988.50,-4.77E+01,1.12E+01
1988.58,-4.96E+01,1.12E+01
1988.67,-5.13E+01,1.12E+01
1988.75,-5.01E+01,1.12E+01
1988.83,-5.26E+01,1.12E+01
1988.92,-5.33E+01,1.11E+01
1989.00,-5.22E+01,1.11E+01
1989.08,-5.19E+01,1.11E+01
1989.17,-4.75E+01,1.11E+01
1989.25,-4.61E+01,1.11E+01
1989.33,-4.67E+01,1.10E+01
1989.42,-4.66E+01,1.10E+01
1989.50,-4.86E+01,1.10E+01
1989.58,-4.80E+01,1.10E+01
1989.67,-4.85E+01,1.10E+01
1989.75,-4.78E+01,1.09E+01
1989.83,-4.66E+01,1.09E+01
1989.92,-4.67E+01,1.09E+01
1990.00,-4.58E+01,1.09E+01
1990.08,-4.68E+01,1.09E+01
1990.17,-4.62E+01,1.08E+01
1990.25,-4.24E+01,1.08E+01
1990.33,-4.33E+01,1.08E+01
1990.42,-4.16E+01,1.08E+01
1990.50,-4.27E+01,1.08E+01
1990.58,-4.17E+01,1.08E+01
1990.67,-4.14E+01,1.07E+01
1990.75,-4.24E+01,1.07E+01
1990.83,-3.99E+01,1.07E+01
1990.92,-4.23E+01,1.07E+01
1991.00,-4.11E+01,1.07E+01
1991.08,-4.04E+01,1.06E+01
1991.17,-3.91E+01,1.06E+01
1991.25,-3.97E+01,1.06E+01
1991.33,-3.87E+01,1.06E+01
1991.42,-3.86E+01,1.06E+01
1991.50,-3.92E+01,1.05E+01
1991.58,-4.08E+01,1.05E+01
1991.67,-3.76E+01,1.05E+01
1991.75,-3.80E+01,1.05E+01
1991.83,-3.62E+01,1.05E+01
1991.92,-3.87E+01,1.04E+01
1992.00,-3.73E+01,1.04E+01
1992.08,-4.00E+01,1.04E+01
1992.17,-3.78E+01,1.04E+01
1992.25,-3.63E+01,1.04E+01
1992.33,-3.83E+01,1.03E+01
1992.42,-3.74E+01,1.03E+01
1992.50,-3.86E+01,1.03E+01
1992.58,-3.79E+01,1.03E+01
1992.67,-3.70E+01,1.03E+01
1992.75,-3.57E+01,1.02E+01
1992.83,-3.66E+01,1.02E+01
1992.92,-4.02E+01,1.02E+01
1993.00,-4.12E+01,1.02E+01
1993.08,-3.65E+01,1.02E+01
1993.17,-3.49E+01,1.01E+01
1993.25,-3.36E+01,1.01E+01
1993.33,-3.49E+01,1.01E+01
1993.42,-3.41E+01,1.01E+01
1993.50,-3.41E+01,1.01E+01
1993.58,-3.42E+01,1.00E+01
1993.67,-3.53E+01,1.00E+01
1993.75,-3.34E+01,1.00E+01
1993.83,-3.86E+01,9.98E+00
1993.92,-3.36E+01,9.96E+00
1994.00,-3.30E+01,9.94E+00
1994.08,-3.31E+01,9.92E+00
1994.17,-3.49E+01,9.91E+00
1994.25,-3.26E+01,9.89E+00
1994.33,-3.41E+01,9.86E+00
1994.42,-3.63E+01,9.84E+00
1994.50,-3.36E+01,9.81E+00
1994.58,-3.66E+01,9.79E+00
1994.67,-3.27E+01,9.77E+00
1994.75,-3.55E+01,9.75E+00
1994.83,-3.71E+01,9.73E+00
1994.92,-3.43E+01,9.71E+00
1995.00,-3.20E+01,9.69E+00
1995.08,-3.49E+01,9.67E+00
1995.17,-3.17E+01,9.65E+00
1995.25,-3.13E+01,9.62E+00
1995.33,-3.06E+01,9.60E+00
1995.42,-3.08E+01,9.58E+00
1995.50,-3.13E+01,9.56E+00
1995.58,-3.24E+01,9.53E+00
1995.67,-3.17E+01,9.51E+00
1995.75,-3.36E+01,9.49E+00
1995.83,-3.21E+01,9.47E+00
1995.92,-3.28E+01,9.45E+00
1996.00,-3.39E+01,9.43E+00
1996.08,-3.24E+01,9.41E+00
1996.17,-3.19E+01,9.38E+00
1996.25,-3.15E+01,9.36E+00
1996.33,-3.17E+01,9.34E+00
1996.42,-3.24E+01,9.32E+00
1996.50,-3.19E+01,9.29E+00
1996.58,-3.10E+01,9.27E+00
1996.67,-2.98E+01,9.25E+00
1996.75,-3.17E+01,9.22E+00
1996.83,-3.00E+01,9.20E+00
1996.92,-3.17E+01,9.19E+00
1997.00,-3.27E+01,9.16E+00
1997.08,-2.95E+01,9.14E+00
1997.17,-2.78E+01,9.12E+00
1997.25,-2.86E+01,9.10E+00
1997.33,-2.78E+01,9.08E+00
1997.42,-2.62E+01,9.05E+00
1997.50,-2.60E+01,9.03E+00
1997.58,-2.66E+01,9.00E+00
1997.67,-2.61E+01,8.98E+00
1997.75,-2.53E+01,8.96E+00
1997.83,-2.49E+01,8.94E+00
1997.92,-2.68E+01,8.92E+00
1998.00,-2.34E+01,8.90E+00
1998.08,-2.57E+01,8.88E+00
1998.17,-2.56E+01,8.85E+00
1998.25,-2.74E+01,8.83E+00
1998.33,-2.99E+01,8.80E+00
1998.42,-2.74E+01,8.77E+00
1998.50,-2.87E+01,8.75E+00
1998.58,-2.80E+01,8.73E+00
1998.67,-2.59E+01,8.71E+00
1998.75,-2.58E+01,8.68E+00
1998.83,-2.53E+01,8.66E+00
1998.92,-2.77E+01,8.63E+00
1999.00,-2.49E+01,8.61E+00
1999.08,-2.64E+01,8.58E+00
1999.17,-2.44E+01,8.56E+00
1999.25,-2.54E+01,8.55E+00
1999.33,-2.57E+01,8.52E+00
1999.42,-2.65E+01,8.50E+00
1999.50,-2.48E+01,8.48E+00
1999.58,-2.46E+01,8.45E+00
1999.67,-2.52E+01,8.43E+00
1999.75,-2.40E+01,8.40E+00
1999.83,-2.50E+01,8.38E+00
1999.92,-2.43E+01,8.35E+00
2000.00,-2.40E+01,8.32E+00
2000.08,-2.25E+01,8.30E+00
2000.17,-2.16E+01,8.27E+00
2000.25,-2.31E+01,8.24E+00
2000.33,-2.45E+01,8.22E+00
2000.42,-2.22E+01,8.20E+00
2000.50,-2.01E+01,8.17E+00
2000.58,-2.13E+01,8.14E+00
2000.67,-2.14E+01,8.11E+00
2000.75,-2.26E+01,8.08E+00
2000.83,-1.92E+01,8.06E+00
2000.92,-1.91E+01,8.04E+00
2001.00,-1.87E+01,8.01E+00
2001.08,-1.98E+01,7.99E+00
2001.17,-1.72E+01,7.96E+00
2001.25,-1.95E+01,7.93E+00
2001.33,-1.78E+01,7.90E+00
2001.42,-1.80E+01,7.88E+00
2001.50,-1.71E+01,7.85E+00
2001.58,-1.66E+01,7.83E+00
2001.67,-1.64E+01,7.80E+00
2001.75,-1.81E+01,7.77E+00
2001.83,-1.90E+01,7.75E+00
2001.92,-1.80E+01,7.72E+00
2002.00,-1.79E+01,7.70E+00
2002.08,-1.71E+01,7.67E+00
2002.17,-1.75E+01,7.64E+00
2002.25,-1.71E+01,7.62E+00
2002.33,-1.58E+01,7.59E+00
2002.42,-1.54E+01,7.57E+00
2002.50,-1.36E+01,7.54E+00
2002.58,-1.27E+01,7.51E+00
2002.67,-1.32E+01,7.49E+00
2002.75,-1.01E+01,7.45E+00
2002.83,-1.04E+01,7.42E+00
2002.92,-1.14E+01,7.40E+00
2003.00,-1.21E+01,7.38E+00
2003.08,-1.14E+01,7.35E+00
2003.17,-1.37E+01,7.33E+00
2003.25,-1.43E+01,7.29E+00
2003.33,-1.25E+01,7.26E+00
2003.42,-1.33E+01,7.23E+00
2003.50,-1.19E+01,7.21E+00
2003.58,-1.07E+01,7.17E+00
2003.67,-1.07E+01,7.14E+00
2003.75,-8.63E+00,7.11E+00
2003.83,-1.12E+01,7.08E+00
2003.92,-1.18E+01,7.05E+00
2004.00,-1.01E+01,7.04E+00
2004.08,-9.94E+00,7.01E+00
2004.17,-9.79E+00,6.97E+00
2004.25,-9.62E+00,6.93E+00
2004.33,-8.80E+00,6.90E+00
2004.42,-9.84E+00,6.88E+00
2004.50,-8.88E+00,6.85E+00
2004.58,-6.59E+00,6.82E+00
2004.67,-8.74E+00,6.78E+00
2004.75,-8.32E+00,6.75E+00
2004.83,-9.54E+00,6.71E+00
2004.92,-8.16E+00,6.68E+00
2005.00,-6.95E+00,6.65E+00
2005.08,-3.69E+00,6.63E+00
2005.17,-6.77E+00,6.60E+00
2005.25,-6.05E+00,6.56E+00
2005.33,-5.33E+00,6.53E+00
2005.42,-6.18E+00,6.50E+00
2005.50,-5.43E+00,6.46E+00
2005.58,-7.37E+00,6.44E+00
2005.67,-6.85E+00,6.41E+00
2005.75,-7.52E+00,6.37E+00
2005.83,-5.10E+00,6.34E+00
2005.92,-3.09E+00,6.31E+00
2006.00,-6.63E+00,6.27E+00
2006.08,-7.35E+00,6.23E+00
2006.17,-4.44E+00,6.21E+00
2006.25,-4.53E+00,6.17E+00
2006.33,-5.98E+00,6.14E+00
2006.42,-5.67E+00,6.11E+00
2006.50,-3.37E+00,6.07E+00
2006.58,-3.85E+00,6.03E+00
2006.67,-4.56E+00,6.00E+00
2006.75,-2.87E-01,5.97E+00
2006.83,-3.92E+00,5.93E+00
2006.92,-3.95E+00,5.90E+00
2007.00,-3.74E+00,5.87E+00
2007.08,-3.02E+00,5.84E+00
2007.17,-2.97E+00,5.81E+00
2007.25,-2.89E+00,5.76E+00
2007.33,-1.61E-01,5.74E+00
2007.42,-2.33E+00,5.71E+00
2007.50,-1.96E+00,5.67E+00
2007.58,-1.45E+00,5.62E+00
2007.67,-2.42E+00,5.57E+00
2007.75,-3.28E+00,5.54E+00
2007.83,-5.50E-01,5.50E+00
2007.92,-3.00E+00,5.46E+00
2008.00,-2.19E+00,5.42E+00
2008.08,-1.83E+00,5.38E+00
2008.17,-2.15E-02,5.34E+00
2008.25,1.67E+00,5.31E+00
2008.33,2.58E+00,5.27E+00
2008.42,1.15E+00,5.23E+00
2008.50,2.28E+00,5.21E+00
2008.58,1.64E+00,5.17E+00
2008.67,2.59E+00,5.12E+00
2008.75,9.72E-01,5.07E+00
2008.83,3.11E+00,5.04E+00
2008.92,2.44E+00,4.99E+00
2009.00,9.36E-01,4.94E+00
2009.08,2.05E+00,4.90E+00
2009.17,3.67E+00,4.85E+00
2009.25,3.24E+00,4.81E+00
2009.33,3.93E+00,4.78E+00
2009.42,6.45E+00,4.74E+00
2009.50,6.64E+00,4.70E+00
2009.58,6.02E+00,4.65E+00
2009.67,7.22E+00,4.60E+00
2009.75,7.58E+00,4.56E+00
2009.83,8.59E+00,4.52E+00
2009.92,1.11E+01,4.48E+00
2010.00,8.36E+00,4.43E+00
2010.08,1.15E+01,4.39E+00
2010.17,7.55E+00,4.34E+00
2010.25,7.86E+00,4.28E+00
2010.33,7.26E+00,4.23E+00
2010.42,7.04E+00,4.19E+00
2010.50,6.25E+00,4.14E+00
2010.58,5.49E+00,4.10E+00
2010.67,5.38E+00,4.06E+00
2010.75,6.14E+00,4.02E+00
2010.83,6.89E+00,3.97E+00
2010.92,6.83E+00,3.94E+00
2011.00,6.49E+00,3.90E+00
2011.08,2.89E+00,3.86E+00
2011.17,4.24E+00,3.82E+00
2011.25,4.79E+00,3.78E+00
2011.33,7.55E+00,3.75E+00
2011.42,1.03E+01,3.72E+00
2011.50,9.93E+00,3.67E+00
2011.58,9.56E+00,3.63E+00
2011.67,9.46E+00,3.60E+00
2011.75,6.97E+00,3.56E+00
2011.83,6.82E+00,3.52E+00
2011.92,9.42E+00,3.50E+00
2012.00,1.05E+01,3.47E+00
2012.08,1.08E+01,3.41E+00
2012.17,1.19E+01,3.38E+00
2012.25,1.31E+01,3.35E+00
2012.33,1.46E+01,3.35E+00
2012.42,1.59E+01,3.32E+00
2012.50,1.46E+01,3.29E+00
2012.58,1.53E+01,3.29E+00
2012.67,1.57E+01,3.26E+00
2012.75,1.64E+01,3.20E+00
2012.83,1.70E+01,3.21E+00
2012.92,1.90E+01,3.21E+00
2013.00,1.75E+01,3.15E+00
2013.08,1.77E+01,3.13E+00
2013.17,1.91E+01,3.11E+00
2013.25,1.79E+01,3.10E+00
2013.33,1.64E+01,3.09E+00
2013.42,1.57E+01,3.08E+00
2013.50,1.67E+01,3.08E+00
2013.58,1.80E+01,3.06E+00
2013.67,1.94E+01,3.04E+00
2013.75,1.90E+01,3.03E+00
2013.83,1.71E+01,3.02E+00
2013.92,1.87E+01,3.06E+00
2014.00,2.03E+01,3.06E+00
2014.08,2.11E+01,3.05E+00
2014.17,1.96E+01,3.05E+00
2014.25,2.11E+01,3.05E+00
2014.33,2.10E+01,3.05E+00
2014.42,2.29E+01,3.05E+00
2014.50,2.26E+01,3.05E+00
2014.58,2.21E+01,3.03E+00
2014.67,2.29E+01,3.03E+00
2014.75,2.45E+01,3.04E+00
2014.83,2.23E+01,3.07E+00
2014.92,2.44E+01,3.14E+00
2015.00,2.42E+01,3.15E+00
2015.08,2.39E+01,3.15E+00
2015.17,2.46E+01,3.17E+00
2015.25,2.49E+01,3.19E+00
2015.33,2.79E+01,3.20E+00
2015.42,2.73E+01,3.22E+00
2015.50,2.89E+01,3.23E+00
2015.58,2.86E+01,3.23E+00
2015.67,2.95E+01,3.25E+00
2015.75,2.91E+01,3.27E+00
2015.83,2.76E+01,3.29E+00
2015.92,2.90E+01,3.31E+00